1 = !, ', ., :
2 = ,
3 = E, F, I, J, L, T, 1, !, (, ), +, =
4 = A, B, C, D, G, H, O, P, R, S, U, 2, 3, 5, 6, 7, 8, 9, /
5 = K, M, N, Q, V, W, X, Y, Z, 4, @


A = 
(1,2),(1,3),(1,4),(1,5),(1,6),(1,7),
(2,1),(2,4),
(3,1),(3,4),
(1,2),(1,3),(1,4),(1,5),(1,6),(1,7),

B = 
(1,1),(1,2),(1,3),(1,4),(1,5),(1,6),(1,7),
(2,1),(2,4),(2,7),
(3,1),(3,4),(3,7),
(4,2),(4,3),(4,5),(4,6)

C = 
(1,2),(1,3),(1,4),(1,5),(1,6),
(2,1),(2,7),
(3,1),(3,7),
(4,2),(4,6)

D =
(1,1),(1,2),(1,3),(1,4),(1,5),(1,6),(1,7),
(2,1),(2,7),
(3,1),(3,7),
(4,2),(4,3),(4,4),(4,5),(4,6)

E =
(1,1),(1,2),(1,3),(1,4),(1,5),(1,6),(1,7),
(2,1),(2,4),(2,7),
(3,1),(3,4),(3,7)

F = 
(1,1),(1,2),(1,3),(1,4),(1,5),(1,6),(1,7),
(2,1),(2,4),
(3,1),

G = 
(1,2),(1,3),(1,4),(1,5),(1,6),
(2,1),(2,7)
(3,1),(3,4),(3,7)
(4,2),(4,4),(4,5),(4,6),

H = 
(1,1),(1,2),(1,3),(1,4),(1,5),(1,6),(1,7)
(2,4),
(3,4),
(4,1),(4,2),(4,3),(4,4),(4,5),(4,6),(4,7)

I = 
(1,1),(1,7)
(2,1),(2,2),(2,3),(2,4),(2,5),(2,6),(2,7)
(3,1),(3,7)

J = 
(1,1),(1,6)
(2,1),(2,7)
(3,1),(3,2),(3,3),(3,4),(3,5),(3,6)

K = 
(1,1),(1,2),(1,3),(1,4),(1,5),(1,6),(1,7)
(2,4),
(3,3),(3,5),
(4,2),(4,6),
(5,1),(5,7)

L = 
(1,1),(1,2),(1,3),(1,4),(1,5),(1,6),(1,7)
(2,7)
(3,7)

M =
(1,1),(1,2),(1,3),(1,4),(1,5),(1,6),(1,7)
(2,2),
(3,3),(3,4),
(4,2),
(5,1),(5,2),(5,3),(5,4),(5,5),(5,6),(5,7)

N = 
(1,1),(1,2),(1,3),(1,4),(1,5),(1,6),(1,7)
(2,2),
(3,3),
(4,4),
(5,1),(5,2),(5,3),(5,4),(5,5),(5,6),(5,7)

O = 
(1,2),(1,3),(1,4),(1,5),(1,6),
(2,1),(2,7)
(3,1),(3,7)
(4,2),(4,3),(4,4),(4,5),(4,6),


P =
(1,1),(1,2),(1,3),(1,4),(1,5),(1,6),(1,7)
(2,1),(2,4),
(3,1),(3,4),
(4,2),(4,3),

Q = 
(1,2),(1,3),(1,4),(1,5),(1,6),
(2,1),(2,7)
(3,1),(3,5),(3,7)
(4,2),(4,3),(4,4),(4,5),(4,6),
(5,7)

R =
(1,1),(1,2),(1,3),(1,4),(1,5),(1,6),(1,7)
(2,1),(2,4),
(3,1),(3,4),
(4,2),(4,3),(4,5),(4,6),(4,7)

S =
(1,2),(1,6),
(2,1),(2,3),(2,7),
(3,1),(3,4),(3,7),
(4,2),(4,5),(4,6),

T = 
(1,1),
(2,1),(2,2),(2,3),(2,4),(2,5),(2,6),(2,7)
(3,1),

U =
(1,1),(1,2),(1,3),(1,4),(1,5),(1,6),
(2,7)
(3,7)
(4,1),(4,2),(4,3),(4,4),(4,5),(4,6)

V =
(1,1),(1,2),(1,3),(1,4),(1,5),
(2,6),
(3,7)
(4,6)
(5,1),(5,2),(5,3),(5,4),(5,5),

W = 
(1,1),(1,2),(1,3),(1,4),(1,5),(1,6),(1,7)
(2,6),
(3,5),
(4,6),
(5,1),(5,2),(5,3),(5,4),(5,5),(5,6),(5,7)

X =
(1,1),(1,2),(1,6),(1,7)
(2,3),(2,5),
(3,4),
(4,3),(4,5),
(5,1),(5,2),(5,6),(5,7)

Y = 
(1,1),
(2,2),
(3,3),(3,4),(3,5),(3,6),(3,7)
(4,2),
(5,1),

Z = 
(1,1),(1,5),(1,6),(1,7)
(2,1),(2,4),(2,7)
(3,1),(3,3),(3,7)
(4,1),(4,2),(4,3),(4,4),(4,5),(4,6),(4,7)
(5,1),(5,2),(5,7)

1 =
(1,2),(1,7)
(2,1),(2,2),(2,3),(2,4),(2,5),(2,6),(2,7)
(3,7)


2 =
(1,2),(1,6),(1,7)
(2,1),(2,5),(2,7)
(3,1),(3,4),(3,7)
(4,2),(4,3),(4,7)

3 =
(1,2),(1,6),
(2,1),(2,4),(2,7)
(3,1),(3,4),(3,7)
(4,2),(4,3),(4,5),(4,6)


4 =
(1,4),(1,5),
(2,3),(2,5),
(3,2),(3,5),
(4,1),(4,2),(4,3),(4,4),(4,5),(4,6),(4,7)
(5,5),

5 =
(1,1),(1,2),(1,3),(1,6),
(2,1),(2,3),(2,7)
(3,1),(3,3),(3,7)
(4,1),(4,4),(4,5),(4,6),


6 =
(1,2),(1,3),(1,4),(1,5),(1,6),
(2,1),(2,4),(2,7)
(3,1),(3,4),(3,7)
(4,2),(4,5),(4,6)


7 =
(1,1),(1,5),(1,6),(1,7)
(2,1),(2,4),
(3,1),(3,3),
(4,1),(4,2),

8 =
(1,2),(1,3),(1,5),(1,6),
(2,1),(2,4),(2,7)
(3,1),(3,4),(3,7)
(4,2),(4,3),(4,5),(4,6),



9 =
(1,2),(1,3),(1,4),(1,6),
(2,1),(2,4),(2,7)
(3,1),(3,4),(3,7)
(4,2),(4,3),(4,4),(4,5),(4,6),

! =
(1,1),(1,2),(1,3),(1,4),(1,5),(1,7)

' =
(1,1),(1,2),

( =
(1,3),(1,4),(1,5),
(2,2),(2,6),
(3,1),(3,7)

) =
(1,1),(1,7)
(2,2),(2,6),
(3,3),(3,4),(3,5),

+ =
(1,4),
(2,3),(2,4),(2,5)
(3,4),

, =
(1,7)
(2,6),

. =
(1,1)

/ = 
(1,7)
(2,4),(2,5),(2,6),
(3,2),(3,3),
(4,1),

: =
(1,3),(1,5),

= =
(1,3),(1,5),
(2,3),(2,5),
(3,3),(3,5),

@ =
(1,2),(1,3),(1,4),(1,5),(1,6)
(2,1),(2,7)
(3,1),(3,3),(3,4),(3,5),(3,7)
(4,1),(4,3),(4,5),(4,7)
(5,2),(5,3),(5,4),(5,5),(5,7)



--

(1,1),(1,2),(1,3),(1,4),(1,5),(1,6),(1,7)
(2,1),(2,2),(2,3),(2,4),(2,5),(2,6),(2,7)
(3,1),(3,2),(3,3),(3,4),(3,5),(3,6),(3,7)
(4,1),(4,2),(4,3),(4,4),(4,5),(4,6),(4,7)
(5,1),(5,2),(5,3),(5,4),(5,5),(5,6),(5,7)